3 0.137028 0.316038 0.054245 0.072524
3 0.280896 0.331958 0.082547 0.199882
3 0.371108 0.281545 0.069575 0.134434
3 0.190094 0.464623 0.042453 0.037146
3 0.592217 0.474351 0.042453 0.053066
3 0.631722 0.192217 0.020047 0.047759
3 0.608726 0.195755 0.018868 0.033608
3 0.663561 0.213443 0.034198 0.051297
3 0.661203 0.300118 0.031840 0.068986
3 0.699528 0.316922 0.035377 0.049528
3 0.687736 0.382370 0.040094 0.045991
3 0.735495 0.364682 0.036557 0.028302
3 0.755542 0.288620 0.036557 0.038915
3 0.734316 0.224941 0.031840 0.035377
3 0.628774 0.671580 0.030660 0.033608
3 0.624646 0.851120 0.043632 0.081368
3 0.778538 0.839623 0.047170 0.058373
3 0.794458 0.565448 0.036557 0.033608
3 0.882311 0.595519 0.028302 0.040684
3 0.938915 0.593750 0.021226 0.051297
3 0.971934 0.640625 0.018868 0.045991