3 0.134080 0.322229 0.053066 0.070755
3 0.279717 0.329304 0.091981 0.222877
3 0.371698 0.275354 0.070755 0.175118
3 0.189505 0.461969 0.038915 0.056604
3 0.591627 0.477889 0.041274 0.053066
3 0.619929 0.193101 0.043632 0.056604
3 0.658844 0.212559 0.034198 0.060142
3 0.662972 0.304540 0.033019 0.067217
3 0.684198 0.380601 0.037736 0.053066
3 0.735495 0.369988 0.041274 0.031840
3 0.698939 0.314269 0.038915 0.058373
3 0.756132 0.288620 0.035377 0.053066
3 0.735495 0.223172 0.029481 0.045991
3 0.795047 0.568101 0.042453 0.042453
3 0.629953 0.673349 0.033019 0.040684
3 0.620519 0.847583 0.042453 0.077830
3 0.782665 0.844929 0.050708 0.054835
3 0.882901 0.593750 0.024764 0.047759
3 0.957193 0.612323 0.057783 0.088443